1000
80 78 67
61 85 22
19 41 36
52 10 20
3 19 75
96 23 25
7 78 53
45 24 72
44 60 67
9 76 39
2 59 23
70 70 72
47 27 41
36 98 30
31 43 35
74 92 31
63 4 15
18 57 73
81 58 33
78 53 78
20 56 46
66 68 37
100 89 76
98 31 67
8 58 1
100 60 84
83 15 78
51 34 61
62 46 1
56 35 42
59 30 95
38 27 52
50 27 13
40 76 92
2 72 59
29 21 13
98 85 64
95 23 15
75 69 6
24 100 35
76 58 19
84 58 8
15 48 19
40 58 61
90 78 19
91 22 82
96 95 29
87 37 36
98 6 75
61 56 2
77 46 25
59 82 94
54 73 68
30 57 67
21 99 3
33 20 79
93 94 28
24 26 19
90 76 61
74 32 14
34 92 25
84 63 23
74 35 91
79 13 6
83 81 21
74 3 72
60 38 13
55 37 9
98 87 25
85 2 99
1 87 21
17 75 28
37 33 85
33 61 4
95 53 33
62 18 5
74 76 22
52 68 11
42 73 40
23 21 97
56 30 6
52 44 12
12 24 3
35 55 45
53 48 15
71 28 11
13 47 81
33 35 34
31 3 8
7 52 70
40 29 19
52 69 42
12 59 63
0 55 55
57 98 14
34 92 69
98 85 38
22 14 70
80 33 25
54 83 44
35 99 22
99 35 58
98 96 13
57 76 73
9 3 8
41 9 44
19 54 59
4 11 83
34 72 75
34 64 3
52 96 17
14 33 90
30 65 81
82 98 10
56 92 59
59 22 76
62 24 38
88 17 98
66 90 100
28 81 52
21 60 67
95 29 87
72 15 93
67 14 93
14 60 30
88 98 54
25 74 22
46 100 80
35 9 73
82 86 16
3 75 98
91 9 77
44 65 58
90 67 82
1 81 66
50 58 100
98 4 46
43 44 59
75 37 68
50 82 26
69 77 100
7 56 41
87 40 57
3 98 22
21 88 44
44 95 98
65 77 89
82 77 39
25 24 95
13 15 91
51 65 58
60 5 38
4 80 61
89 48 39
99 99 99
63 74 95
51 22 21
59 89 41
19 61 77
39 39 55
17 55 29
70 88 73
17 43 82
61 95 87
34 26 6
67 95 83
33 60 68
80 94 17
11 99 88
83 77 15
7 21 17
38 8 35
7 34 65
0 20 25
22 84 76
85 73 70
71 59 9
14 36 81
7 29 92
34 98 65
78 12 26
55 65 61
54 98 4
98 23 27
11 78 3
8 92 17
18 75 8
76 23 47
25 85 66
40 29 7
13 62 69
63 53 74
61 6 25
64 20 30
58 20 9
67 73 45
89 48 41
53 3 4
39 12 84
9 10 84
35 68 35
49 48 55
72 98 89
49 34 10
18 56 55
82 42 37
42 62 90
24 66 29
21 26 87
100 26 16
56 48 75
98 39 27
54 99 95
37 73 10
17 46 54
78 3 72
6 53 79
86 14 22
4 17 11
75 40 70
32 47 87
59 75 48
56 61 7
95 82 27
76 82 99
77 97 48
5 42 25
26 7 46
77 67 94
80 66 44
32 81 7
65 89 98
98 22 42
94 75 65
26 91 40
35 87 31
95 85 18
92 38 94
38 2 57
23 7 3
69 3 81
7 83 47
20 39 43
75 53 41
81 88 84
70 57 74
76 5 76
65 69 32
21 94 36
24 98 37
73 41 26
12 72 83
17 79 13
47 53 21
34 15 71
91 5 25
99 8 69
56 65 95
13 28 46
61 38 36
19 32 69
52 37 89
81 38 96
100 6 31
77 46 98
58 91 89
33 18 17
53 28 74
94 20 21
18 28 91
82 87 30
12 98 95
66 19 66
60 34 72
81 16 88
57 58 89
75 68 11
43 41 16
47 74 14
12 9 17
59 78 24
77 91 2
38 100 15
77 28 9
54 84 33
83 21 71
90 47 68
37 2 41
59 19 85
60 81 24
50 96 59
70 67 75
36 65 62
9 77 77
56 82 23
31 9 89
59 31 96
96 46 59
22 21 46
34 68 35
63 73 6
81 45 30
54 7 5
74 83 52
78 23 25
53 5 47
23 1 19
75 18 61
61 11 61
75 31 59
100 91 18
1 87 71
66 16 67
8 67 44
55 55 17
25 61 69
81 14 29
97 58 73
11 83 30
67 45 63
52 60 75
48 55 54
0 27 62
75 46 17
73 94 6
61 30 32
5 95 26
13 66 1
76 10 62
17 42 4
12 33 57
28 12 87
87 81 48
83 77 98
66 26 38
93 92 92
0 71 40
16 53 10
31 11 66
78 12 41
94 6 97
67 77 35
56 80 4
21 52 78
93 68 55
89 42 1
85 13 84
10 32 14
56 91 37
5 77 3
57 28 81
35 35 60
55 83 24
90 69 60
94 7 87
7 55 65
52 58 41
65 70 12
16 66 96
37 92 57
1 12 64
46 13 17
95 92 84
93 79 38
55 68 37
47 85 3
25 68 86
46 54 18
75 79 54
73 44 1
30 17 52
96 100 18
38 4 40
51 52 94
42 13 34
73 81 29
13 55 55
69 44 38
48 69 67
57 75 18
99 92 73
29 23 13
88 45 37
16 81 80
54 93 10
75 33 74
5 47 9
88 93 40
42 4 54
15 100 82
100 17 30
42 63 85
72 40 83
28 95 81
22 95 30
77 61 9
88 56 9
1 94 5
55 58 79
11 32 65
16 88 96
59 98 12
42 33 8
28 44 77
75 93 5
6 37 12
35 22 38
20 98 70
37 56 98
100 54 94
77 75 10
53 46 81
75 97 39
80 32 67
96 80 66
23 36 86
25 18 17
67 53 15
28 100 1
87 37 94
30 94 18
70 87 37
100 37 76
39 68 98
41 54 55
88 17 100
20 94 40
96 55 72
85 33 65
27 39 58
13 35 36
29 36 86
84 75 56
87 5 14
59 43 87
4 99 34
6 97 77
35 73 75
68 23 60
29 21 89
96 28 17
3 96 47
52 36 12
77 41 62
42 8 52
23 79 47
39 42 75
33 70 76
89 99 82
34 78 21
60 100 78
46 60 87
76 87 22
4 99 54
2 9 3
87 93 35
30 83 16
2 98 62
60 83 20
67 56 15
57 75 37
0 33 60
91 47 20
23 17 75
51 66 33
53 89 74
83 53 23
51 57 31
60 98 27
53 22 1
19 78 93
99 70 27
61 11 30
62 44 84
76 70 22
26 92 27
66 75 25
42 25 39
38 13 28
97 96 54
64 38 29
15 90 92
28 74 83
34 29 37
42 35 78
50 65 61
1 54 73
28 43 83
36 41 40
29 81 85
55 80 45
97 82 93
34 27 91
13 17 1
55 94 1
88 98 52
53 92 12
66 22 24
43 72 63
47 68 48
45 61 96
82 70 56
76 84 67
34 66 96
82 65 54
65 48 46
91 83 54
40 47 81
92 7 98
46 13 67
66 69 9
16 93 89
26 54 1
26 57 61
51 61 55
46 83 61
31 10 68
6 33 77
53 61 85
44 88 41
93 40 71
67 48 15
3 40 45
70 93 6
51 61 95
91 74 34
100 18 7
5 97 10
55 82 52
44 26 6
64 81 11
4 78 15
78 21 43
2 42 20
87 20 40
99 41 62
32 68 96
61 9 64
10 55 4
10 33 56
25 43 87
75 71 84
67 94 53
38 18 74
91 86 32
42 33 100
8 61 3
91 48 60
85 85 34
16 97 9
63 5 13
47 25 9
2 21 41
51 16 84
78 28 94
78 100 69
86 67 92
54 53 91
57 61 15
52 90 42
23 70 19
43 82 22
31 90 6
80 46 30
28 1 34
79 94 60
13 64 55
84 98 55
74 77 38
26 4 85
25 69 7
84 18 41
48 46 58
100 1 1
20 71 63
100 84 31
86 22 44
39 43 22
42 12 84
64 15 25
84 48 1
71 83 38
43 82 18
65 42 19
66 20 11
41 31 52
10 34 81
60 24 94
85 74 65
37 54 52
45 83 96
59 46 2
6 74 32
97 10 91
73 79 96
58 27 76
91 41 56
81 38 43
20 73 91
69 39 59
19 23 85
70 100 38
91 2 82
29 16 45
67 19 16
41 26 27
51 39 32
72 68 30
23 89 93
68 76 65
73 100 14
90 37 82
95 88 7
8 87 8
28 37 95
16 79 40
77 31 9
79 6 20
84 58 56
59 75 32
86 92 88
64 25 83
60 4 61
59 8 29
86 89 75
13 42 34
2 36 39
82 28 71
100 23 20
53 66 72
35 97 48
98 80 87
28 9 52
11 99 92
94 53 82
52 72 19
53 100 79
39 62 19
34 16 89
16 81 32
79 31 94
15 70 53
63 90 6
57 53 73
43 19 26
79 70 92
79 29 41
76 86 17
25 2 9
49 35 2
97 7 12
63 42 23
37 59 59
41 20 71
99 58 92
27 23 13
35 62 33
61 11 97
57 66 7
0 32 79
14 12 58
52 91 16
32 46 61
7 84 93
11 73 54
86 33 83
17 69 21
28 16 5
68 23 92
15 74 4
0 54 4
39 81 80
47 88 38
16 20 69
99 70 86
4 90 64
65 19 26
16 35 59
7 33 36
0 15 62
34 72 48
61 87 41
100 31 11
17 81 100
77 83 58
84 90 42
32 43 54
34 74 94
25 60 20
85 67 94
56 6 32
6 74 68
66 25 14
53 97 9
98 57 37
20 56 69
96 2 72
56 43 8
100 68 14
7 25 48
58 20 22
86 82 81
36 54 38
20 24 95
37 17 62
71 8 8
92 80 87
55 98 32
71 52 15
94 54 91
82 55 91
84 90 1
48 100 7
91 10 57
13 45 52
55 99 81
19 90 69
8 47 90
19 32 19
49 86 5
45 38 11
28 89 30
15 81 30
30 64 56
70 91 100
66 43 12
44 7 12
68 45 5
67 23 25
33 24 78
9 70 2
6 45 79
91 65 22
94 62 11
71 35 27
39 5 87
9 67 98
77 75 53
52 29 5
38 96 19
93 21 57
84 38 75
44 31 91
38 18 100
99 62 71
92 100 81
8 7 32
34 21 80
47 71 80
29 42 62
89 37 94
59 30 79
31 80 31
10 67 92
65 77 76
89 86 90
28 62 38
12 83 57
90 58 66
57 87 8
76 78 55
13 69 20
81 40 43
53 76 77
41 97 37
50 91 58
39 72 57
37 77 96
88 5 55
8 13 21
35 81 8
86 23 47
34 54 33
74 9 58
29 37 5
84 95 42
49 79 11
90 70 34
8 44 91
33 55 85
76 7 28
79 26 26
68 6 13
48 100 27
41 5 75
71 75 25
50 78 61
15 27 85
28 58 46
53 48 96
4 64 60
24 81 77
99 61 22
22 61 99
100 33 89
79 7 62
20 46 39
23 8 13
49 22 17
67 68 52
26 2 42
15 14 85
19 13 36
4 86 31
10 55 27
44 35 57
87 70 20
12 55 55
100 45 18
41 48 10
91 35 47
15 19 12
63 97 5
27 69 53
4 92 13
38 55 3
23 5 33
85 9 98
21 17 22
95 11 94
61 88 67
50 20 90
31 57 62
56 22 38
69 91 72
84 74 99
69 25 52
46 71 15
100 87 47
77 23 24
96 31 25
34 78 66
16 74 2
75 97 59
16 66 92
59 72 79
45 24 7
27 97 67
30 61 23
75 23 60
36 93 63
0 39 48
87 22 56
100 64 45
25 55 35
46 18 82
77 76 20
87 63 16
88 58 41
73 9 85
5 21 40
76 21 60
92 4 28
79 100 64
73 91 41
84 24 17
75 36 52
94 30 1
12 8 16
19 15 33
19 95 1
45 19 56
51 72 5
30 74 67
56 1 93
69 62 92
34 44 91
100 89 79
48 59 23
60 57 42
31 46 91
54 6 54
18 82 44
75 83 75
95 85 81
58 18 38
4 25 17
22 4 96
44 68 69
39 68 89
22 75 38
30 9 85
20 46 23
68 13 87
2 67 55
79 40 83
8 31 78
26 20 90
49 37 81
5 47 66
45 4 63
38 87 35
4 47 5
41 12 92
43 54 4
54 12 86
8 100 13
33 69 55
43 99 74
0 34 29
51 26 61
54 8 62
98 13 29
99 77 4
18 66 28
60 29 94
79 8 72
83 62 4
7 54 41
90 14 81
8 88 1
32 38 20
85 73 67
57 59 38
16 43 68
38 68 94
68 88 5
61 89 91
83 56 97
25 25 97
56 84 29
74 35 78
81 69 83
87 37 39
44 71 96
87 12 14
12 85 59
52 23 15
40 32 40
16 58 27
90 77 46
91 25 16
23 68 11
36 98 27
75 9 23
12 88 91
24 24 77
97 44 64
98 55 70
8 61 41
88 55 34
14 63 94
71 87 7
52 20 71
93 61 47
100 35 40
45 12 15
2 77 57
82 97 70
91 88 3
91 77 4
32 67 10
35 72 76
19 80 12
87 47 83
32 94 82
84 5 4
48 62 3
5 92 68
5 20 37
2 94 46
18 89 10
56 56 52
86 98 75
78 84 95
53 77 48
41 62 75
94 30 67
67 3 26
24 84 57
2 76 15
17 36 76
25 65 34
30 5 25
79 88 11
82 2 69
38 6 39
35 16 42
74 24 4
13 9 38
23 76 96
35 8 16
74 86 76
47 8 15
29 90 66
66 17 16
8 20 80
32 10 75
3 82 67
52 68 7
43 97 35
20 18 1
62 90 75
24 29 11
1 7 59
41 85 37
21 81 30
83 27 46
3 31 48
94 73 33
